52
0 1 1 10 3  
1 0 1 2 6 22 5  
2 1 6  
3 10 4 6 3 23 2  
4 14 2 16 1  
5 9 2 45 1 35 2 42 2 40 8 43 1 18 3 8 3 48 2 23 3  
6 3 3 22 1 14 1  
7 49 2 25 2
8 17 1 49 1 5 3 40 5 51 1  
9 12 1 48 2 38 4  
10 3 4 0 3  
11 3 3 14 1  
12 9 1 37 1 38 4  
13 21 1  
14 11 1 4 2 6 1  
15 22 1  
16 4 1  
17 18 1 19 1 8 1 
18 17 1 5 3  
19 18 1 18 1  
20 27 1 26 1 47 0 28 1 46 1 20 3  
21 20 3 13 1  
23 3 2 35 2 4 2  
24 51 2 49 0.5  
25 51 1 7 2  
26 27 1 24 1 20 1  
27 20 1 26 1 29 1  
28 20 1 26 1 29 1  
29 36 1 47 1 20 1 28 1  
30 27 1 20 1  
30 32 1 36 1  
31 32 1 39 1  
32 31 1 30 1 34 1  
33 48 1 37 2 51 1  
34 32 1
35 5 2 44 1 23 2  
36 46 1 30 1  
37 33 2 12 1  
38 12 3  
39 31 1 5 1  
40 8 5  
41 40 1  
42 5 2  
43 5 1 26 1  
44 23 2 35 1 50 2  
45 5 1 16 2  
46 36 1 28 1  
47 28 1 20 1  
48 5 1 33 1  
49 7 2 8 1 51 1  
50 44 2  
51 8 1 49 1 24 2 33 1 25 1